# FCR 960
0 2048
1 2048
2 2046
3 2049
4 2048
5 2047
6 2048
7 2049
8 2048
9 2046
10 2047
11 2047
12 2049
13 2049
14 2048
15 2048
16 2049
17 2047
18 2046
19 2044
20 2048
21 2048
22 2048
23 2052
24 2048
25 2046
26 2049
27 2047
28 2047
29 2049
30 2048
31 2048
32 2046
33 2048
34 2045
35 2048
36 2050
37 2046
38 2046
39 2051
40 2050
41 2047
42 2047
43 2048
44 2047
45 2049
46 2047
47 2048
48 2048
49 2048
50 2045
51 2050
52 2048
53 2048
54 2047
55 2049
56 2050
57 2048
58 2047
59 2049
60 2047
61 2049
62 2047
63 2049
64 2049
65 2047
66 2046
67 2047
68 2048
69 2047
70 2046
71 2048
72 2049
73 2049
74 2048
75 2047
76 2044
77 2046
78 2048
79 2050
80 2048
81 2048
82 2046
83 2048
84 2048
85 2049
86 2047
87 2050
88 2048
89 2046
90 2046
91 2047
92 2046
93 2049
94 2048
95 2049
96 2049
97 2047
98 2045
99 2047
100 2047
101 2046
102 2047
103 2049
104 2051
105 2047
106 2047
107 2046
108 2046
109 2051
110 2048
111 2048
112 2049
113 2048
114 2044
115 2046
116 2046
117 2048
118 2047
119 2047
120 2048
121 2047
122 2046
123 2047
124 2048
125 2050
126 2048
127 2050
128 2048
129 2048
130 2046
131 2048
132 2050
133 2049
134 2046
135 2049
136 2049
137 2050
138 2048
139 2045
140 2050
141 2050
142 2047
143 2049
144 2046
145 2049
146 2046
147 2050
148 2048
149 2046
150 2046
151 2049
152 2050
153 2047
154 2047
155 2049
156 2048
157 2050
158 2046
159 2048
160 2047
161 2048
162 2046
163 2046
164 2048
165 2047
166 2048
167 2049
168 2048
169 2048
170 2047
171 2048
172 2047
173 2049
174 2048
175 2049
176 2048
177 2048
178 2048
179 2050
180 2048
181 2049
182 2050
183 2050
184 2049
185 2049
186 2046
187 2047
188 2044
189 2048
190 2046
191 2049
192 2046
193 2047
194 2046
195 2048
196 2049
197 2049
198 2046
199 2049
200 2050
201 2048
202 2047
203 2048
204 2047
205 2047
206 2047
207 2049
208 2050
209 2047
210 2047
211 2053
212 2050
213 2048
214 2050
215 2046
216 2050
217 2049
218 2047
219 2045
220 2045
221 2048
222 2047
223 2049
224 2049
225 2046
226 2044
227 2048
228 2048
229 2049
230 2047
231 2049
232 2049
233 2048
234 2047
235 2045
236 2046
237 2050
238 2046
239 2049
240 2049
241 2049
242 2047
243 2050
244 2048
245 2048
246 2047
247 2048
248 2050
249 2047
250 2046
251 2045
252 2045
253 2047
254 2048
255 2048
256 2048
257 2048
258 2046
259 2048
260 2046
261 2047
262 2048
263 2047
264 2049
265 2048
266 2045
267 2048
268 2046
269 2052
270 2048
271 2048
272 2049
273 2047
274 2048
275 2047
276 2047
277 2046
278 2049
279 2049
280 2047
281 2046
282 2047
283 2048
284 2047
285 2049
286 2049
287 2046
288 2047
289 2047
290 2047
291 2049
292 2048
293 2049
294 2046
295 2050
296 2048
297 2048
298 2046
299 2047
300 2047
301 2047
302 2048
303 2050
304 2047
305 2048
306 2047
307 2049
308 2052
309 2047
310 2046
311 2047
312 2050
313 2048
314 2046
315 2047
316 2045
317 2048
318 2047
319 2049
320 2046
321 2047
322 2045
323 2051
324 2048
325 2047
326 2047
327 2046
328 2048
329 2049
330 2047
331 2047
332 2045
333 2047
334 2047
335 2047
336 2047
337 2048
338 2044
339 2047
340 2048
341 2047
342 2047
343 2048
344 2048
345 2049
346 2048
347 2048
348 2048
349 2049
350 2047
351 2049
352 2049
353 2050
354 2048
355 2049
356 2051
357 2048
358 2047
359 2048
360 2048
361 2046
362 2047
363 2047
364 2048
365 2050
366 2049
367 2048
368 2050
369 2048
370 2047
371 2049
372 2050
373 2048
374 2048
375 2047
376 2049
377 2048
378 2046
379 2046
380 2048
381 2051
382 2047
383 2049
384 2047
385 2050
386 2044
387 2046
388 2048
389 2046
390 2048
391 2049
392 2050
393 2049
394 2046
395 2046
396 2049
397 2050
398 2048
399 2049
400 2048
401 2049
402 2048
403 2047
404 2048
405 2047
406 2049
407 2047
408 2050
409 2047
410 2045
411 2047
412 2046
413 2052
414 2046
415 2050
416 2049
417 2047
418 2046
419 2049
420 2050
421 2047
422 2047
423 2050
424 2052
425 2049
426 2047
427 2047
428 2048
429 2048
430 2047
431 2048
432 2048
433 2047
434 2045
435 2048
436 2050
437 2045
438 2048
439 2051
440 2048
441 2048
442 2047
443 2045
444 2047
445 2047
446 2049
447 2047
448 2048
449 2046
450 2046
451 2049
452 2047
453 2049
454 2047
455 2048
456 2048
457 2045
458 2046
459 2046
460 2048
461 2050
462 2049
463 2048
464 2049
465 2048
466 2047
467 2048
468 2049
469 2048
470 2050
471 2051
472 2051
473 2047
474 2051
475 2048
476 2047
477 2049
478 2045
479 2046
480 2050
481 2049
482 2044
483 2048
484 2047
485 2047
486 2048
487 2049
488 2049
489 2048
490 2049
491 2047
492 2048
493 2049
494 2048
495 2049
496 2049
497 2046
498 2046
499 2048
500 2048
501 2047
502 2047
503 2049
504 2049
505 2050
506 2046
507 2049
508 2046
509 2048
510 2047
511 2048
512 2048
513 2047
514 2044
515 2047
516 2046
517 2048
518 2048
519 2051
520 2049
521 2049
522 2047
523 2049
524 2047
525 2048
526 2048
527 2048
528 2047
529 2050
530 2046
531 2047
532 2047
533 2048
534 2049
535 2050
536 2051
537 2048
538 2046
539 2048
540 2048
541 2050
542 2047
543 2049
544 2048
545 2047
546 2046
547 2050
548 2050
549 2048
550 2048
551 2048
552 2049
553 2047
554 2048
555 2048
556 2046
557 2049
558 2048
559 2049
560 2049
561 2049
562 2048
563 2047
564 2047
565 2046
566 2048
567 2049
568 2048
569 2047
570 2046
571 2047
572 2049
573 2049
574 2047
575 2047
576 2049
577 2048
578 2047
579 2049
580 2047
581 2046
582 2047
583 2050
584 2049
585 2046
586 2046
587 2048
588 2047
589 2047
590 2047
591 2049
592 2048
593 2047
594 2048
595 2049
596 2049
597 2046
598 2048
599 2050
600 2050
601 2048
602 2047
603 2046
604 2045
605 2049
606 2047
607 2047
608 2047
609 2047
610 2046
611 2049
612 2050
613 2050
614 2047
615 2046
616 2049
617 2048
618 2049
619 2047
620 2045
621 2049
622 2049
623 2047
624 2048
625 2048
626 2045
627 2049
628 2049
629 2047
630 2047
631 2048
632 2049
633 2049
634 2049
635 2046
636 2046
637 2050
638 2051
639 2051
640 2049
641 2045
642 2047
643 2051
644 2048
645 2045
646 2047
647 2047
648 2049
649 2050
650 2047
651 2047
652 2049
653 2049
654 2048
655 2048
656 2048
657 2048
658 2046
659 2048
660 2048
661 2046
662 2049
663 2050
664 2049
665 2047
666 2047
667 2049
668 2046
669 2050
670 2047
671 2047
672 2048
673 2049
674 2048
675 2050
676 2047
677 2047
678 2047
679 2049
680 2050
681 2048
682 2047
683 2048
684 2046
685 2049
686 2048
687 2050
688 2047
689 2047
690 2046
691 2047
692 2048
693 2045
694 2047
695 2050
696 2049
697 2048
698 2045
699 2047
700 2048
701 2049
702 2049
703 2047
704 2047
705 2047
706 2046
707 2047
708 2049
709 2046
710 2050
711 2050
712 2050
713 2047
714 2046
715 2047
716 2046
717 2049
718 2047
719 2048
720 2050
721 2050
722 2047
723 2049
724 2049
725 2046
726 2047
727 2048
728 2048
729 2047
730 2047
731 2050
732 2046
733 2050
734 2047
735 2047
736 2048
737 2048
738 2045
739 2048
740 2049
741 2045
742 2045
743 2046
744 2048
745 2047
746 2045
747 2049
748 2046
749 2049
750 2051
751 2050
752 2049
753 2049
754 2047
755 2047
756 2048
757 2046
758 2049
759 2047
760 2050
761 2048
762 2048
763 2047
764 2046
765 2049
766 2048
767 2048
768 2048
769 2046
770 2045
771 2048
772 2045
773 2047
774 2048
775 2049
776 2050
777 2046
778 2048
779 2045
780 2046
781 2049
782 2048
783 2047
784 2049
785 2050
786 2047
787 2046
788 2046
789 2045
790 2050
791 2051
792 2051
793 2049
794 2047
795 2046
796 2047
797 2050
798 2046
799 2047
800 2047
801 2050
802 2045
803 2046
804 2046
805 2045
806 2048
807 2048
808 2048
809 2048
810 2045
811 2047
812 2045
813 2047
814 2048
815 2047
816 2050
817 2049
818 2047
819 2047
820 2048
821 2047
822 2048
823 2049
824 2048
825 2049
826 2047
827 2047
828 2045
829 2049
830 2049
831 2045
832 2048
833 2047
834 2047
835 2048
836 2048
837 2049
838 2047
839 2048
840 2050
841 2046
842 2046
843 2047
844 2048
845 2050
846 2047
847 2049
848 2047
849 2046
850 2046
851 2047
852 2050
853 2047
854 2049
855 2051
856 2049
857 2048
858 2047
859 2048
860 2048
861 2050
862 2047
863 2048
864 2048
865 2048
866 2048
867 2048
868 2046
869 2048
870 2047
871 2046
872 2048
873 2047
874 2046
875 2047
876 2044
877 2047
878 2049
879 2049
880 2047
881 2047
882 2045
883 2048
884 2049
885 2049
886 2049
887 2049
888 2050
889 2048
890 2046
891 2047
892 2047
893 2050
894 2051
895 2046
896 2046
897 2047
898 2049
899 2049
900 2048
901 2045
902 2046
903 2049
904 2048
905 2047
906 2048
907 2047
908 2047
909 2048
910 2049
911 2046
912 2049
913 2048
914 2046
915 2046
916 2049
917 2046
918 2048
919 2049
920 2047
921 2049
922 2046
923 2047
924 2047
925 2050
926 2050
927 2048
928 2047
929 2047
930 2045
931 2047
932 2049
933 2047
934 2047
935 2049
936 2048
937 2048
938 2047
939 2047
940 2049
941 2049
942 2047
943 2049
944 2049
945 2048
946 2046
947 2045
948 2048
949 2048
950 2048
951 2049
952 2047
953 2048
954 2046
955 2045
956 2048
957 2051
958 2047
959 2048
960 2047
961 2049
962 2048
963 2050
964 2047
965 2048
966 2047
967 2050
968 2047
969 2047
970 2044
971 2048
972 2048
973 2048
974 2047
975 2050
976 2048
977 2049
978 2045
979 2046
980 2049
981 2047
982 2046
983 2048
984 2047
985 2048
986 2046
987 2046
988 2044
989 2048
990 2052
991 2051
992 2049
993 2050
994 2047
995 2049
996 2048
997 2047
998 2048
999 2048
1000 2047
1001 2049
1002 2047
1003 2047
1004 2047
1005 2049
1006 2049
1007 2049
1008 2046
1009 2048
1010 2045
1011 2048
1012 2049
1013 2048
1014 2047
1015 2050
1016 2051
1017 2048
1018 2046
1019 2046
1020 2047
1021 2049
1022 2048
1023 2047
