# FCR 560 FallingOffset 165 RisingOffset 200 Hit 3
0 2049
1 2048
2 2046
3 2046
4 2049
5 2050
6 2049
7 2049
8 2049
9 2048
10 2046
11 2046
12 2045
13 2046
14 2050
15 2049
16 2048
17 2047
18 2048
19 2050
20 2049
21 2048
22 2049
23 2048
24 2048
25 2050
26 2049
27 2048
28 2046
29 2047
30 2051
31 2049
32 2047
33 2045
34 2046
35 2048
36 2049
37 2050
38 2048
39 2049
40 2047
41 2049
42 2047
43 2045
44 2048
45 2048
46 2049
47 2051
48 2049
49 2047
50 2046
51 2047
52 2047
53 2047
54 2049
55 2048
56 2050
57 2048
58 2049
59 2046
60 2046
61 2050
62 2048
63 2050
64 2046
65 2046
66 2049
67 2049
68 2046
69 2047
70 2049
71 2050
72 2047
73 2047
74 2048
75 2046
76 2047
77 2049
78 2048
79 2048
80 2047
81 2049
82 2047
83 2047
84 2048
85 2049
86 2050
87 2049
88 2048
89 2047
90 2047
91 2049
92 2047
93 2046
94 2048
95 2049
96 2048
97 2046
98 2046
99 2048
100 2049
101 2050
102 2052
103 2047
104 2048
105 2047
106 2047
107 2047
108 2050
109 2049
110 2048
111 2047
112 2047
113 2048
114 2049
115 2048
116 2049
117 2046
118 2048
119 2049
120 2044
121 2048
122 2048
123 2047
124 2049
125 2049
126 2050
127 2048
128 2049
129 2046
130 2048
131 2048
132 2046
133 2051
134 2050
135 2049
136 2048
137 2048
138 2047
139 2046
140 2044
141 2045
142 2048
143 2048
144 2046
145 2047
146 2047
147 2049
148 2050
149 2048
150 2050
151 2048
152 2047
153 2046
154 2046
155 2047
156 2048
157 2047
158 2048
159 2052
160 2048
161 2047
162 2048
163 2047
164 2049
165 2049
166 2050
167 2046
168 2048
169 2049
170 2046
171 2048
172 2046
173 2048
174 2050
175 2049
176 2045
177 2046
178 2048
179 2049
180 2049
181 2050
182 2049
183 2049
184 2048
185 2048
186 2045
187 2046
188 2047
189 2048
190 2049
191 2049
192 2048
193 2047
194 2050
195 2049
196 2048
197 2053
198 2049
199 2049
200 2047
201 2050
202 2047
203 2047
204 2046
205 2046
206 2047
207 2049
208 2047
209 2048
210 2049
211 2047
212 2047
213 2049
214 2051
215 2050
216 2049
217 2047
218 2047
219 2047
220 2047
221 2048
222 2048
223 2049
224 2047
225 2045
226 2046
227 2049
228 2047
229 2050
230 2050
231 2048
232 2048
233 2048
234 2045
235 2046
236 2047
237 2049
238 2050
239 2046
240 2047
241 2048
242 2049
243 2049
244 2048
245 2050
246 2047
247 2047
248 2048
249 2050
250 2047
251 2045
252 2048
253 2047
254 2050
255 2051
256 2048
257 2047
258 2047
259 2049
260 2048
261 2049
262 2051
263 2049
264 2047
265 2050
266 2046
267 2049
268 2046
269 2048
270 2049
271 2050
272 2048
273 2046
274 2046
275 2047
276 2050
277 2051
278 2051
279 2048
280 2048
281 2047
282 2048
283 2047
284 2049
285 2047
286 2049
287 2051
288 2046
289 2047
290 2046
291 2049
292 2047
293 2047
294 2047
295 2049
296 2049
297 2048
298 2048
299 2047
300 2048
301 2047
302 2047
303 2051
304 2047
305 2045
306 2046
307 2046
308 2049
309 2047
310 2048
311 2049
312 2049
313 2047
314 2047
315 2046
316 2048
317 2049
318 2049
319 2050
320 2047
321 2046
322 2049
323 2049
324 2047
325 2048
326 2050
327 2049
328 2047
329 2049
330 2047
331 2046
332 2046
333 2047
334 2050
335 2052
336 2047
337 2047
338 2047
339 2049
340 2050
341 2051
342 2050
343 2049
344 2048
345 2050
346 2047
347 2046
348 2048
349 2048
350 2051
351 2050
352 2046
353 2046
354 2048
355 2049
356 2048
357 2049
358 2050
359 2049
360 2049
361 2047
362 2048
363 2046
364 2047
365 2048
366 2049
367 2049
368 2046
369 2045
370 2048
371 2047
372 2046
373 2049
374 2049
375 2050
376 2051
377 2047
378 2047
379 2049
380 2046
381 2048
382 2050
383 2050
384 2048
385 2047
386 2049
387 2048
388 2049
389 2049
390 2047
391 2050
392 2047
393 2049
394 2050
395 2049
396 2047
397 2050
398 2049
399 2050
400 2047
401 2048
402 2047
403 2048
404 2048
405 2050
406 2047
407 2049
408 2046
409 2047
410 2049
411 2050
412 2047
413 2048
414 2048
415 2050
416 2047
417 2048
418 2047
419 2049
420 2047
421 2047
422 2049
423 2050
424 2047
425 2049
426 2048
427 2047
428 2048
429 2047
430 2048
431 2050
432 2048
433 2046
434 2045
435 2047
436 2046
437 2048
438 2047
439 2051
440 2050
441 2048
442 2047
443 2045
444 2046
445 2047
446 2050
447 2051
448 2051
449 2046
450 2047
451 2047
452 2048
453 2047
454 2049
455 2051
456 2046
457 2048
458 2048
459 2047
460 2046
461 2046
462 2047
463 2048
464 2048
465 2047
466 2047
467 2046
468 2048
469 2048
470 2051
471 2050
472 2046
473 2050
474 2049
475 2047
476 2047
477 2046
478 2048
479 2048
480 2047
481 2046
482 2048
483 2049
484 2046
485 2048
486 2049
487 2048
488 2048
489 2048
490 2048
491 2048
492 2047
493 2048
494 2046
495 2046
496 2050
497 2048
498 2049
499 2047
500 2048
501 2047
502 2048
503 2050
504 2049
505 2050
506 2050
507 2046
508 2046
509 2047
510 2047
511 2050
512 2048
513 2046
514 2047
515 2048
516 2049
517 2049
518 2050
519 2050
520 2048
521 2047
522 2048
523 2047
524 2046
525 2048
526 2048
527 2050
528 2047
529 2050
530 2045
531 2047
532 2044
533 2047
534 2048
535 2049
536 2047
537 2048
538 2048
539 2049
540 2048
541 2049
542 2047
543 2048
544 2046
545 2047
546 2049
547 2050
548 2046
549 2046
550 2046
551 2046
552 2047
553 2047
554 2046
555 2047
556 2048
557 2049
558 2047
559 2049
560 2047
561 2046
562 2048
563 2046
564 2047
565 2046
566 2049
567 2047
568 2041
569 2043
570 2042
571 2042
572 2038
573 2035
574 2032
575 2024
576 2010
577 2002
578 1992
579 1979
580 1967
581 1950
582 1938
583 1926
584 1908
585 1897
586 1885
587 1874
588 1864
589 1857
590 1852
591 1849
592 1842
593 1839
594 1839
595 1840
596 1841
597 1841
598 1845
599 1848
600 1844
601 1846
602 1848
603 1850
604 1851
605 1854
606 1855
607 1860
608 1862
609 1866
610 1872
611 1878
612 1884
613 1888
614 1892
615 1897
616 1901
617 1908
618 1912
619 1917
620 1921
621 1925
622 1932
623 1937
624 1940
625 1944
626 1948
627 1951
628 1956
629 1960
630 1963
631 1964
632 1965
633 1968
634 1968
635 1969
636 1969
637 1974
638 1980
639 1983
640 1985
641 1984
642 1985
643 1990
644 1993
645 1994
646 1994
647 1997
648 1997
649 1997
650 1999
651 2001
652 2000
653 2000
654 2004
655 2006
656 2005
657 2002
658 2006
659 2009
660 2010
661 2011
662 2012
663 2014
664 2013
665 2010
666 2012
667 2013
668 2012
669 2011
670 2013
671 2013
672 2009
673 2012
674 2012
675 2012
676 2015
677 2014
678 2015
679 2015
680 2015
681 2017
682 2018
683 2017
684 2019
685 2021
686 2023
687 2027
688 2024
689 2025
690 2023
691 2025
692 2025
693 2024
694 2027
695 2027
696 2027
697 2026
698 2027
699 2025
700 2023
701 2025
702 2028
703 2028
704 2028
705 2025
706 2024
707 2025
708 2026
709 2026
710 2025
711 2025
712 2022
713 2023
714 2024
715 2021
716 2023
717 2023
718 2023
719 2026
720 2025
721 2024
722 2026
723 2025
724 2027
725 2028
726 2028
727 2027
728 2029
729 2026
730 2028
731 2029
732 2026
733 2028
734 2028
735 2028
736 2028
737 2025
738 2028
739 2030
740 2030
741 2031
742 2030
743 2031
744 2029
745 2029
746 2031
747 2029
748 2031
749 2031
750 2031
751 2030
752 2031
753 2032
754 2030
755 2030
756 2032
757 2032
758 2032
759 2032
760 2032
761 2034
762 2033
763 2029
764 2032
765 2031
766 2033
767 2035
768 2034
769 2034
770 2034
771 2034
772 2035
773 2033
774 2033
775 2034
776 2034
777 2035
778 2035
779 2033
780 2033
781 2032
782 2035
783 2039
784 2037
785 2036
786 2034
787 2036
788 2036
789 2036
790 2037
791 2036
792 2035
793 2033
794 2034
795 2032
796 2033
797 2036
798 2036
799 2039
800 2035
801 2034
802 2036
803 2038
804 2037
805 2038
806 2038
807 2039
808 2036
809 2037
810 2037
811 2035
812 2035
813 2033
814 2035
815 2037
816 2035
817 2034
818 2035
819 2037
820 2039
821 2040
822 2036
823 2038
824 2037
825 2037
826 2037
827 2035
828 2037
829 2037
830 2040
831 2039
832 2037
833 2036
834 2036
835 2037
836 2037
837 2037
838 2039
839 2039
840 2036
841 2038
842 2037
843 2037
844 2037
845 2038
846 2041
847 2039
848 2038
849 2037
850 2037
851 2039
852 2040
853 2040
854 2039
855 2038
856 2036
857 2037
858 2038
859 2039
860 2038
861 2037
862 2039
863 2040
864 2038
865 2037
866 2037
867 2038
868 2040
869 2042
870 2040
871 2040
872 2038
873 2040
874 2040
875 2039
876 2037
877 2037
878 2038
879 2038
880 2040
881 2038
882 2039
883 2040
884 2042
885 2040
886 2040
887 2042
888 2039
889 2039
890 2041
891 2039
892 2039
893 2038
894 2042
895 2041
896 2038
897 2039
898 2040
899 2041
900 2041
901 2041
902 2041
903 2040
904 2040
905 2039
906 2040
907 2036
908 2038
909 2039
910 2041
911 2040
912 2040
913 2039
914 2038
915 2040
916 2040
917 2040
918 2042
919 2043
920 2041
921 2039
922 2041
923 2039
924 2041
925 2040
926 2042
927 2041
928 2040
929 2041
930 2043
931 2042
932 2040
933 2042
934 2042
935 2044
936 2040
937 2041
938 2039
939 2039
940 2040
941 2041
942 2040
943 2043
944 2039
945 2042
946 2039
947 2042
948 2043
949 2042
950 2044
951 2043
952 2041
953 2042
954 2043
955 2041
956 2041
957 2042
958 2044
959 2042
960 2043
961 2043
962 2043
963 2040
964 2041
965 2041
966 2043
967 2043
968 2043
969 2042
970 2040
971 2039
972 2041
973 2043
974 2044
975 2044
976 2042
977 2043
978 2042
979 2043
980 2045
981 2043
982 2043
983 2044
984 2042
985 2041
986 2046
987 2041
988 2045
989 2043
990 2044
991 2045
992 2040
993 2039
994 2040
995 2046
996 2045
997 2047
998 2046
999 2043
1000 2040
1001 2044
1002 2045
1003 2046
1004 2045
1005 2045
1006 2046
1007 2044
1008 2044
1009 2043
1010 2044
1011 2048
1012 2046
1013 2047
1014 2045
1015 2044
1016 2047
1017 2045
1018 2044
1019 2043
1020 2046
1021 2046
1022 2046
1023 2047
