# FCR 960 FallingOffset 248 RisingOffset 88
0 2051
1 2049
2 2048
3 2051
4 2050
5 2048
6 2050
7 2047
8 2048
9 2048
10 2048
11 2048
12 2044
13 2049
14 2050
15 2048
16 2049
17 2049
18 2049
19 2048
20 2048
21 2046
22 2052
23 2049
24 2050
25 2049
26 2048
27 2050
28 2050
29 2049
30 2049
31 2048
32 2049
33 2050
34 2048
35 2049
36 2048
37 2048
38 2048
39 2047
40 2051
41 2048
42 2049
43 2047
44 2046
45 2049
46 2051
47 2051
48 2049
49 2049
50 2048
51 2049
52 2048
53 2047
54 2048
55 2049
56 2051
57 2050
58 2048
59 2046
60 2047
61 2048
62 2048
63 2048
64 2048
65 2048
66 2049
67 2051
68 2050
69 2049
70 2048
71 2048
72 2050
73 2050
74 2049
75 2048
76 2047
77 2048
78 2049
79 2048
80 2049
81 2050
82 2049
83 2049
84 2049
85 2048
86 2050
87 2047
88 2049
89 2049
90 2050
91 2047
92 2047
93 2047
94 2050
95 2048
96 2049
97 2049
98 2050
99 2048
100 2049
101 2047
102 2049
103 2048
104 2049
105 2048
106 2048
107 2045
108 2047
109 2048
110 2049
111 2049
112 2049
113 2048
114 2048
115 2048
116 2048
117 2047
118 2048
119 2049
120 2049
121 2047
122 2048
123 2048
124 2046
125 2047
126 2047
127 2046
128 2049
129 2050
130 2048
131 2049
132 2047
133 2046
134 2047
135 2048
136 2048
137 2046
138 2047
139 2048
140 2045
141 2047
142 2048
143 2048
144 2047
145 2048
146 2048
147 2048
148 2049
149 2047
150 2049
151 2049
152 2048
153 2045
154 2045
155 2046
156 2047
157 2047
158 2047
159 2045
160 2047
161 2048
162 2048
163 2048
164 2046
165 2047
166 2048
167 2046
168 2050
169 2047
170 2049
171 2049
172 2047
173 2050
174 2049
175 2049
176 2047
177 2047
178 2050
179 2049
180 2050
181 2046
182 2049
183 2049
184 2048
185 2048
186 2048
187 2048
188 2046
189 2046
190 2048
191 2049
192 2049
193 2049
194 2048
195 2050
196 2049
197 2046
198 2048
199 2046
200 2049
201 2049
202 2049
203 2047
204 2047
205 2049
206 2049
207 2047
208 2048
209 2051
210 2048
211 2050
212 2049
213 2047
214 2048
215 2046
216 2050
217 2048
218 2048
219 2047
220 2048
221 2047
222 2048
223 2048
224 2050
225 2049
226 2049
227 2049
228 2049
229 2045
230 2047
231 2046
232 2049
233 2046
234 2048
235 2047
236 2047
237 2049
238 2049
239 2048
240 2049
241 2051
242 2048
243 2050
244 2049
245 2046
246 2049
247 2048
248 2049
249 2049
250 2051
251 2048
252 2045
253 2048
254 2046
255 2047
256 2048
257 2049
258 2048
259 2048
260 2049
261 2046
262 2049
263 2049
264 2048
265 2048
266 2047
267 2049
268 2046
269 2048
270 2048
271 2047
272 2049
273 2051
274 2048
275 2048
276 2047
277 2045
278 2049
279 2047
280 2052
281 2049
282 2047
283 2049
284 2047
285 2049
286 2051
287 2047
288 2049
289 2051
290 2050
291 2050
292 2049
293 2048
294 2048
295 2049
296 2048
297 2050
298 2051
299 2049
300 2048
301 2045
302 2047
303 2048
304 2049
305 2048
306 2047
307 2048
308 2048
309 2047
310 2048
311 2045
312 2048
313 2048
314 2046
315 2049
316 2046
317 2048
318 2050
319 2047
320 2048
321 2049
322 2048
323 2048
324 2051
325 2049
326 2047
327 2050
328 2050
329 2050
330 2049
331 2048
332 2049
333 2048
334 2049
335 2046
336 2049
337 2048
338 2048
339 2048
340 2048
341 2048
342 2051
343 2049
344 2049
345 2050
346 2048
347 2048
348 2046
349 2048
350 2049
351 2048
352 2051
353 2051
354 2047
355 2047
356 2046
357 2046
358 2049
359 2047
360 2048
361 2049
362 2047
363 2047
364 2047
365 2048
366 2049
367 2050
368 2049
369 2048
370 2048
371 2048
372 2046
373 2046
374 2048
375 2048
376 2049
377 2046
378 2049
379 2048
380 2047
381 2049
382 2048
383 2049
384 2049
385 2047
386 2049
387 2047
388 2050
389 2047
390 2051
391 2049
392 2050
393 2046
394 2048
395 2048
396 2045
397 2048
398 2051
399 2050
400 2050
401 2049
402 2047
403 2049
404 2050
405 2047
406 2049
407 2046
408 2048
409 2050
410 2048
411 2047
412 2048
413 2049
414 2050
415 2049
416 2050
417 2049
418 2048
419 2049
420 2047
421 2047
422 2049
423 2045
424 2047
425 2047
426 2048
427 2045
428 2045
429 2048
430 2049
431 2047
432 2048
433 2050
434 2049
435 2049
436 2047
437 2046
438 2048
439 2050
440 2049
441 2048
442 2047
443 2046
444 2045
445 2047
446 2048
447 2049
448 2048
449 2049
450 2047
451 2047
452 2049
453 2047
454 2051
455 2047
456 2047
457 2045
458 2047
459 2050
460 2049
461 2049
462 2048
463 2048
464 2050
465 2049
466 2049
467 2051
468 2050
469 2046
470 2049
471 2048
472 2051
473 2047
474 2048
475 2048
476 2047
477 2048
478 2049
479 2049
480 2048
481 2050
482 2046
483 2048
484 2046
485 2047
486 2049
487 2048
488 2049
489 2047
490 2048
491 2047
492 2047
493 2051
494 2050
495 2049
496 2050
497 2050
498 2047
499 2049
500 2049
501 2048
502 2050
503 2048
504 2050
505 2047
506 2047
507 2049
508 2049
509 2047
510 2047
511 2049
512 2049
513 2050
514 2048
515 2049
516 2050
517 2047
518 2049
519 2046
520 2050
521 2048
522 2049
523 2047
524 2046
525 2048
526 2049
527 2048
528 2049
529 2048
530 2051
531 2049
532 2047
533 2047
534 2048
535 2047
536 2047
537 2045
538 2050
539 2046
540 2046
541 2047
542 2049
543 2047
544 2050
545 2049
546 2047
547 2047
548 2046
549 2045
550 2047
551 2046
552 2047
553 2047
554 2047
555 2045
556 2046
557 2047
558 2047
559 2046
560 2048
561 2045
562 2042
563 2038
564 2034
565 2026
566 2021
567 2011
568 1999
569 1990
570 1973
571 1958
572 1941
573 1930
574 1916
575 1905
576 1891
577 1880
578 1870
579 1861
580 1857
581 1852
582 1854
583 1852
584 1856
585 1856
586 1860
587 1865
588 1865
589 1867
590 1873
591 1874
592 1876
593 1880
594 1882
595 1888
596 1892
597 1894
598 1900
599 1901
600 1906
601 1910
602 1912
603 1917
604 1918
605 1925
606 1930
607 1933
608 1937
609 1941
610 1944
611 1946
612 1949
613 1951
614 1954
615 1953
616 1956
617 1960
618 1964
619 1965
620 1968
621 1969
622 1975
623 1980
624 1983
625 1985
626 1987
627 1990
628 1994
629 1994
630 1998
631 1999
632 1998
633 1997
634 1999
635 1999
636 1998
637 2002
638 2002
639 2003
640 2004
641 2006
642 2004
643 2007
644 2010
645 2010
646 2010
647 2010
648 2014
649 2012
650 2013
651 2011
652 2014
653 2016
654 2016
655 2013
656 2015
657 2013
658 2014
659 2017
660 2017
661 2015
662 2021
663 2019
664 2022
665 2021
666 2022
667 2022
668 2021
669 2023
670 2022
671 2020
672 2022
673 2022
674 2021
675 2025
676 2022
677 2022
678 2024
679 2023
680 2023
681 2022
682 2021
683 2022
684 2025
685 2023
686 2025
687 2025
688 2026
689 2025
690 2026
691 2025
692 2025
693 2027
694 2030
695 2028
696 2028
697 2028
698 2027
699 2028
700 2028
701 2030
702 2028
703 2030
704 2032
705 2033
706 2032
707 2033
708 2031
709 2031
710 2033
711 2031
712 2030
713 2030
714 2030
715 2031
716 2030
717 2031
718 2031
719 2030
720 2031
721 2034
722 2032
723 2031
724 2031
725 2031
726 2033
727 2032
728 2037
729 2035
730 2034
731 2033
732 2034
733 2035
734 2034
735 2033
736 2033
737 2035
738 2035
739 2036
740 2036
741 2034
742 2038
743 2036
744 2036
745 2036
746 2036
747 2033
748 2032
749 2036
750 2035
751 2034
752 2034
753 2037
754 2035
755 2036
756 2036
757 2036
758 2038
759 2037
760 2036
761 2039
762 2036
763 2037
764 2035
765 2038
766 2039
767 2037
768 2037
769 2038
770 2037
771 2035
772 2036
773 2037
774 2038
775 2037
776 2038
777 2037
778 2037
779 2037
780 2036
781 2037
782 2038
783 2036
784 2039
785 2038
786 2038
787 2039
788 2036
789 2036
790 2037
791 2038
792 2037
793 2040
794 2036
795 2037
796 2035
797 2037
798 2038
799 2037
800 2040
801 2039
802 2037
803 2038
804 2038
805 2038
806 2039
807 2037
808 2039
809 2038
810 2039
811 2036
812 2037
813 2038
814 2037
815 2039
816 2039
817 2040
818 2038
819 2040
820 2039
821 2039
822 2038
823 2039
824 2040
825 2039
826 2040
827 2038
828 2040
829 2042
830 2040
831 2039
832 2041
833 2041
834 2041
835 2041
836 2039
837 2039
838 2039
839 2039
840 2038
841 2039
842 2037
843 2038
844 2038
845 2041
846 2041
847 2040
848 2042
849 2043
850 2042
851 2040
852 2040
853 2039
854 2042
855 2040
856 2041
857 2042
858 2040
859 2039
860 2039
861 2042
862 2042
863 2041
864 2041
865 2043
866 2040
867 2040
868 2041
869 2038
870 2041
871 2040
872 2039
873 2039
874 2038
875 2039
876 2038
877 2040
878 2038
879 2041
880 2040
881 2044
882 2040
883 2040
884 2043
885 2040
886 2041
887 2042
888 2042
889 2040
890 2039
891 2039
892 2040
893 2042
894 2041
895 2038
896 2042
897 2042
898 2041
899 2040
900 2042
901 2041
902 2041
903 2040
904 2041
905 2040
906 2037
907 2039
908 2040
909 2043
910 2040
911 2040
912 2042
913 2041
914 2040
915 2042
916 2043
917 2040
918 2042
919 2040
920 2043
921 2042
922 2043
923 2043
924 2041
925 2042
926 2041
927 2042
928 2043
929 2042
930 2044
931 2045
932 2043
933 2041
934 2044
935 2042
936 2047
937 2044
938 2042
939 2041
940 2043
941 2044
942 2046
943 2047
944 2044
945 2044
946 2044
947 2045
948 2043
949 2045
950 2044
951 2044
952 2045
953 2045
954 2043
955 2044
956 2042
957 2043
958 2044
959 2045
960 2043
961 2044
962 2044
963 2045
964 2044
965 2042
966 2044
967 2043
968 2044
969 2044
970 2043
971 2042
972 2042
973 2043
974 2044
975 2044
976 2042
977 2042
978 2044
979 2046
980 2043
981 2041
982 2043
983 2043
984 2044
985 2045
986 2043
987 2042
988 2043
989 2044
990 2046
991 2044
992 2042
993 2045
994 2045
995 2044
996 2046
997 2046
998 2048
999 2044
1000 2045
1001 2046
1002 2046
1003 2044
1004 2045
1005 2044
1006 2046
1007 2049
1008 2047
1009 2047
1010 2046
1011 2046
1012 2046
1013 2044
1014 2045
1015 2048
1016 2044
1017 2045
1018 2048
1019 2046
1020 2046
1021 2046
1022 2045
1023 2047
